gender,race/ethnicity,parental level of education,lunch,test preparation course,math score,reading score,writing score,ID
,,,,,,,,
male,group A,associate's degree,free/reduced,none,47,57,44,1
,,,,,,,,
male,group A,some college,standard,completed,78,72,70,2
,,,,,,,,
female,group A,master's degree,standard,none,50,53,58,3
,,,,,,,,
male,group A,master's degree,free/reduced,none,73,74,72,4
,,,,,,,,
female,group A,associate's degree,standard,completed,55,65,62,5
,,,,,,,,
male,group A,some high school,free/reduced,none,39,39,34,6
,,,,,,,,
male,group A,associate's degree,free/reduced,none,62,61,55,7
,,,,,,,,
female,group A,associate's degree,free/reduced,none,41,51,48,8
,,,,,,,,
male,group A,bachelor's degree,standard,completed,80,78,81,9
,,,,,,,,
male,group A,some college,free/reduced,completed,50,47,54,10
,,,,,,,,
female,group A,some college,standard,none,58,70,67,11
,,,,,,,,
male,group A,associate's degree,standard,none,54,53,47,12
,,,,,,,,
female,group A,bachelor's degree,standard,none,51,49,51,13
,,,,,,,,
male,group A,high school,standard,none,57,43,47,14
,,,,,,,,
male,group A,some high school,standard,completed,62,67,69,15
,,,,,,,,
male,group A,bachelor's degree,standard,none,77,67,68,16
,,,,,,,,
male,group A,high school,standard,completed,72,73,74,17
,,,,,,,,
male,group A,some high school,free/reduced,none,68,72,64,18
,,,,,,,,
male,group A,some high school,standard,completed,47,49,49,19
,,,,,,,,
male,group A,some high school,standard,completed,46,41,43,20
,,,,,,,,
male,group A,some college,free/reduced,completed,81,78,81,21
,,,,,,,,
male,group A,some college,standard,none,69,67,69,22
,,,,,,,,
male,group A,some college,free/reduced,none,28,23,19,23
,,,,,,,,
male,group A,associate's degree,standard,none,63,61,61,24
,,,,,,,,
male,group A,bachelor's degree,free/reduced,completed,49,58,60,25
,,,,,,,,
female,group A,some high school,free/reduced,none,44,64,58,26
,,,,,,,,
female,group A,some high school,standard,none,71,83,77,27
,,,,,,,,
male,group A,bachelor's degree,standard,none,66,64,62,28
,,,,,,,,
female,group A,some high school,free/reduced,none,38,43,43,29
,,,,,,,,
male,group A,high school,free/reduced,none,48,45,41,30
,,,,,,,,
male,group A,some college,standard,none,53,43,43,31
,,,,,,,,
female,group A,some college,free/reduced,none,49,65,55,32
,,,,,,,,
female,group A,some high school,standard,completed,59,85,80,33
,,,,,,,,
male,group A,some high school,free/reduced,none,65,59,53,34
,,,,,,,,
female,group A,some high school,free/reduced,none,47,59,50,35
,,,,,,,,
female,group A,some high school,free/reduced,none,59,73,69,36
,,,,,,,,
male,group A,some high school,free/reduced,none,79,82,73,37
,,,,,,,,
male,group A,bachelor's degree,standard,completed,75,58,62,38
,,,,,,,,
male,group A,high school,free/reduced,completed,72,67,65,39
,,,,,,,,
female,group A,high school,free/reduced,completed,77,88,85,40
,,,,,,,,
male,group A,high school,standard,none,59,52,46,41
,,,,,,,,
male,group A,associate's degree,free/reduced,completed,79,82,82,42
,,,,,,,,
female,group A,associate's degree,free/reduced,none,65,85,76,43
,,,,,,,,
male,group A,high school,standard,none,68,70,66,44
,,,,,,,,
male,group A,some high school,standard,none,64,50,43,45
,,,,,,,,
male,group A,associate's degree,standard,completed,97,92,86,46
,,,,,,,,
female,group A,some high school,standard,completed,92,100,97,47
,,,,,,,,
male,group A,bachelor's degree,standard,none,91,96,92,48
,,,,,,,,
male,group A,associate's degree,free/reduced,completed,40,55,53,49
,,,,,,,,
male,group A,some college,standard,completed,61,51,52,50
,,,,,,,,
female,group A,high school,standard,none,55,73,73,51
,,,,,,,,
female,group A,some high school,standard,none,48,66,65,52
,,,,,,,,
male,group A,some high school,standard,none,71,62,50,53
,,,,,,,,
male,group A,some high school,standard,none,53,54,48,54
,,,,,,,,
female,group A,associate's degree,standard,none,82,93,93,55
,,,,,,,,
male,group A,some college,standard,completed,100,96,86,56
,,,,,,,,
male,group A,high school,standard,none,71,74,64,57
,,,,,,,,
female,group A,high school,standard,completed,68,80,76,58
,,,,,,,,
female,group A,associate's degree,standard,completed,65,70,74,59
,,,,,,,,
male,group A,high school,free/reduced,none,53,58,44,60
,,,,,,,,
female,group A,bachelor's degree,standard,none,59,72,70,61
,,,,,,,,
male,group A,bachelor's degree,standard,completed,87,84,87,62
,,,,,,,,
male,group A,bachelor's degree,free/reduced,none,62,72,65,63
,,,,,,,,
male,group A,some high school,free/reduced,none,55,46,43,64
,,,,,,,,
female,group A,associate's degree,free/reduced,none,37,57,56,65
,,,,,,,,
male,group A,some college,free/reduced,none,58,60,57,66
,,,,,,,,
female,group A,some college,standard,completed,72,79,82,67
,,,,,,,,
male,group A,some college,free/reduced,none,75,81,74,68
,,,,,,,,
male,group A,some high school,standard,none,51,31,36,69
,,,,,,,,
male,group A,high school,free/reduced,none,45,47,49,70
,,,,,,,,
female,group A,bachelor's degree,standard,none,45,59,64,71
,,,,,,,,
female,group A,some high school,standard,completed,85,90,92,72
,,,,,,,,
female,group A,some college,free/reduced,none,61,60,57,73
,,,,,,,,
male,group A,bachelor's degree,standard,none,64,60,58,74
,,,,,,,,
female,group A,high school,standard,completed,75,82,79,75
,,,,,,,,
female,group A,high school,standard,none,61,68,63,76
,,,,,,,,
female,group A,master's degree,free/reduced,none,50,67,73,77
,,,,,,,,
female,group A,high school,free/reduced,completed,34,48,41,78
,,,,,,,,
female,group A,some college,standard,none,69,84,82,79
,,,,,,,,
male,group A,associate's degree,standard,none,67,57,53,80
,,,,,,,,
male,group A,some high school,free/reduced,completed,61,62,61,81
,,,,,,,,
female,group A,some college,standard,none,56,58,64,82
,,,,,,,,
male,group A,some high school,standard,completed,66,68,64,83
,,,,,,,,
female,group A,high school,free/reduced,completed,53,50,60,84
,,,,,,,,
female,group A,some college,standard,none,54,63,67,85
,,,,,,,,
female,group A,some college,standard,completed,78,87,91,86
,,,,,,,,
male,group A,high school,standard,none,57,51,54,87
,,,,,,,,
female,group A,some high school,free/reduced,none,44,45,45,88
,,,,,,,,
male,group A,high school,standard,none,63,63,62,89
,,,,,,,,
female,group B,bachelor's degree,standard,none,72,72,74,90
,,,,,,,,
female,group B,master's degree,standard,none,90,95,93,91
,,,,,,,,
female,group B,associate's degree,standard,none,71,83,78,92
,,,,,,,,
female,group B,some college,standard,completed,88,95,92,93
,,,,,,,,
male,group B,some college,free/reduced,none,40,43,39,94
,,,,,,,,
female,group B,high school,free/reduced,none,38,60,50,95
,,,,,,,,
female,group B,high school,standard,none,65,81,73,96
,,,,,,,,
female,group B,some high school,free/reduced,none,18,32,28,97
,,,,,,,,
female,group B,some college,free/reduced,completed,65,75,70,98
,,,,,,,,
male,group B,some college,standard,none,69,54,55,99
,,,,,,,,
female,group B,some college,standard,none,63,65,61,100
,,,,,,,,
male,group B,associate's degree,free/reduced,none,57,56,57,101
,,,,,,,,
female,group B,associate's degree,standard,none,53,58,65,102
,,,,,,,,
male,group B,some college,free/reduced,completed,59,65,66,103
,,,,,,,,
male,group B,associate's degree,standard,none,65,54,57,104
,,,,,,,,
male,group B,some high school,standard,none,67,64,61,105
,,,,,,,,
male,group B,associate's degree,free/reduced,none,61,58,56,106
,,,,,,,,
male,group B,associate's degree,free/reduced,none,44,41,38,107
,,,,,,,,
female,group B,associate's degree,standard,none,47,49,50,108
,,,,,,,,
male,group B,high school,free/reduced,none,49,45,45,109
,,,,,,,,
female,group B,some college,standard,none,79,86,92,110
,,,,,,,,
male,group B,some high school,standard,completed,65,66,62,111
,,,,,,,,
male,group B,some college,standard,none,79,67,67,112
,,,,,,,,
male,group B,high school,standard,completed,60,44,47,113
,,,,,,,,
female,group B,associate's degree,free/reduced,none,52,76,70,114
,,,,,,,,
female,group B,some high school,standard,none,70,64,72,115
,,,,,,,,
female,group B,bachelor's degree,free/reduced,none,75,85,82,116
,,,,,,,,
male,group B,associate's degree,standard,completed,91,89,92,117
,,,,,,,,
female,group B,high school,standard,none,87,95,86,118
,,,,,,,,
male,group B,some high school,standard,none,72,68,67,119
,,,,,,,,
male,group B,some high school,standard,completed,51,54,41,120
,,,,,,,,
male,group B,some high school,standard,none,88,84,75,121
,,,,,,,,
female,group B,associate's degree,standard,completed,59,70,66,122
,,,,,,,,
male,group B,some college,free/reduced,none,60,60,60,123
,,,,,,,,
female,group B,associate's degree,standard,completed,61,86,87,124
,,,,,,,,
male,group B,associate's degree,free/reduced,completed,82,78,74,125
,,,,,,,,
male,group B,master's degree,free/reduced,none,49,53,52,126
,,,,,,,,
female,group B,master's degree,free/reduced,completed,58,76,78,127
,,,,,,,,
female,group B,high school,standard,completed,68,83,78,128
,,,,,,,,
female,group B,high school,free/reduced,completed,46,54,58,129
,,,,,,,,
female,group B,master's degree,free/reduced,completed,52,70,62,130
,,,,,,,,
male,group B,some high school,free/reduced,none,48,52,45,131
,,,,,,,,
female,group B,some high school,standard,none,62,64,66,132
,,,,,,,,
female,group B,some college,free/reduced,none,45,53,55,133
,,,,,,,,
female,group B,bachelor's degree,free/reduced,none,78,79,76,134
,,,,,,,,
female,group B,associate's degree,standard,none,57,69,68,135
,,,,,,,,
female,group B,some college,free/reduced,none,74,81,76,136
,,,,,,,,
female,group B,some college,free/reduced,none,58,61,66,137
,,,,,,,,
male,group B,some high school,standard,completed,84,83,75,138
,,,,,,,,
male,group B,high school,free/reduced,none,66,77,70,139
,,,,,,,,
male,group B,some high school,standard,completed,61,56,56,140
,,,,,,,,
male,group B,associate's degree,standard,none,87,85,73,141
,,,,,,,,
female,group B,associate's degree,standard,completed,52,66,73,142
,,,,,,,,
female,group B,bachelor's degree,standard,none,67,86,83,143
,,,,,,,,
male,group B,some college,standard,none,54,52,51,144
,,,,,,,,
female,group B,high school,standard,completed,58,70,68,145
,,,,,,,,
female,group B,high school,standard,none,65,64,62,146
,,,,,,,,
female,group B,some high school,standard,completed,60,70,70,147
,,,,,,,,
female,group B,some college,standard,none,70,75,78,148
,,,,,,,,
male,group B,some college,standard,completed,88,85,76,149
,,,,,,,,
male,group B,bachelor's degree,free/reduced,none,73,56,57,150
,,,,,,,,
female,group B,some high school,standard,none,37,46,46,151
,,,,,,,,
male,group B,associate's degree,standard,completed,81,82,82,152
,,,,,,,,
female,group B,some high school,standard,none,67,89,82,153
,,,,,,,,
male,group B,bachelor's degree,free/reduced,none,88,75,76,154
,,,,,,,,
male,group B,associate's degree,free/reduced,none,67,62,60,155
,,,,,,,,
male,group B,associate's degree,standard,none,80,76,64,156
,,,,,,,,
female,group B,associate's degree,free/reduced,none,53,71,67,157
,,,,,,,,
female,group B,associate's degree,standard,none,73,76,80,158
,,,,,,,,
male,group B,bachelor's degree,standard,none,66,60,57,159
,,,,,,,,
male,group B,bachelor's degree,standard,none,63,71,69,160
,,,,,,,,
female,group B,some high school,standard,none,41,55,51,161
,,,,,,,,
male,group B,associate's degree,standard,none,90,78,81,162
,,,,,,,,
female,group B,some college,free/reduced,none,61,68,66,163
,,,,,,,,
female,group B,some high school,free/reduced,none,24,38,27,164
,,,,,,,,
female,group B,high school,standard,completed,69,76,74,165
,,,,,,,,
male,group B,some college,standard,none,62,61,57,166
,,,,,,,,
female,group B,bachelor's degree,standard,none,52,65,69,167
,,,,,,,,
female,group B,bachelor's degree,standard,none,61,72,70,168
,,,,,,,,
female,group B,high school,standard,none,58,62,59,169
,,,,,,,,
male,group B,some high school,standard,completed,85,84,78,170
,,,,,,,,
female,group B,associate's degree,standard,none,80,86,83,171
,,,,,,,,
female,group B,high school,free/reduced,none,50,67,63,172
,,,,,,,,
male,group B,some high school,standard,none,74,63,57,173
,,,,,,,,
male,group B,associate's degree,standard,completed,65,65,63,174
,,,,,,,,
female,group B,associate's degree,standard,none,82,80,77,175
,,,,,,,,
male,group B,some high school,standard,completed,63,67,67,176
,,,,,,,,
male,group B,some college,free/reduced,none,41,39,34,177
,,,,,,,,
female,group B,associate's degree,standard,none,73,83,76,178
,,,,,,,,
male,group B,high school,standard,none,47,46,42,179
,,,,,,,,
male,group B,associate's degree,standard,none,81,73,72,180
,,,,,,,,
male,group B,high school,standard,completed,72,65,68,181
,,,,,,,,
male,group B,some college,free/reduced,none,54,54,45,182
,,,,,,,,
female,group B,associate's degree,standard,completed,90,90,91,183
,,,,,,,,
male,group B,high school,standard,completed,73,71,68,184
,,,,,,,,
female,group B,associate's degree,standard,none,49,52,54,185
,,,,,,,,
male,group B,some high school,standard,completed,64,53,57,186
,,,,,,,,
female,group B,high school,standard,none,54,64,68,187
,,,,,,,,
female,group B,some high school,standard,none,66,69,68,188
,,,,,,,,
female,group B,associate's degree,standard,completed,94,87,92,189
,,,,,,,,
female,group B,some high school,standard,none,82,82,80,190
,,,,,,,,
male,group B,bachelor's degree,free/reduced,none,55,59,54,191
,,,,,,,,
female,group B,some high school,standard,completed,54,61,62,192
,,,,,,,,
female,group B,master's degree,free/reduced,completed,77,97,94,193
,,,,,,,,
female,group B,high school,free/reduced,completed,67,78,79,194
,,,,,,,,
male,group B,high school,standard,completed,73,69,68,195
,,,,,,,,
male,group B,bachelor's degree,free/reduced,completed,87,90,88,196
,,,,,,,,
female,group B,associate's degree,standard,none,40,48,50,197
,,,,,,,,
female,group B,associate's degree,free/reduced,none,53,70,70,198
,,,,,,,,
male,group B,bachelor's degree,free/reduced,none,48,51,46,199
,,,,,,,,
male,group B,associate's degree,standard,none,48,43,45,200
,,,,,,,,
male,group B,high school,free/reduced,none,63,48,47,201
,,,,,,,,
male,group B,some college,standard,completed,71,75,70,202
,,,,,,,,
female,group B,high school,standard,none,81,91,89,203
,,,,,,,,
female,group B,some college,free/reduced,completed,48,56,58,204
,,,,,,,,
male,group B,high school,free/reduced,none,30,24,15,205
,,,,,,,,
female,group B,associate's degree,standard,none,58,63,65,206
,,,,,,,,
male,group B,bachelor's degree,free/reduced,none,62,63,56,207
,,,,,,,,
male,group B,associate's degree,free/reduced,completed,69,70,63,208
,,,,,,,,
male,group B,high school,standard,none,79,60,65,209
,,,,,,,,
female,group B,bachelor's degree,standard,completed,66,74,81,210
,,,,,,,,
female,group B,high school,free/reduced,completed,67,80,81,211
,,,,,,,,
female,group B,some high school,free/reduced,none,72,81,79,212
,,,,,,,,
male,group B,high school,standard,none,70,65,60,213
,,,,,,,,
female,group B,bachelor's degree,standard,completed,65,81,81,214
,,,,,,,,
female,group B,high school,standard,none,50,53,55,215
,,,,,,,,
female,group B,some high school,standard,none,73,79,79,216
,,,,,,,,
female,group B,some college,standard,none,62,67,67,217
,,,,,,,,
female,group B,bachelor's degree,free/reduced,none,77,85,87,218
,,,,,,,,
female,group B,some college,standard,completed,50,64,66,219
,,,,,,,,
male,group B,high school,standard,none,60,68,60,220
,,,,,,,,
male,group B,high school,standard,none,62,55,54,221
,,,,,,,,
male,group B,some college,standard,completed,62,66,68,222
,,,,,,,,
female,group B,some high school,standard,none,57,67,72,223
,,,,,,,,
female,group B,some high school,free/reduced,completed,59,63,64,224
,,,,,,,,
female,group B,some high school,standard,completed,60,70,74,225
,,,,,,,,
female,group B,associate's degree,free/reduced,completed,76,94,87,226
,,,,,,,,
female,group B,some high school,free/reduced,completed,74,90,88,227
,,,,,,,,
male,group B,some college,standard,none,47,43,41,228
,,,,,,,,
female,group B,associate's degree,free/reduced,completed,68,77,80,229
,,,,,,,,
female,group B,some college,free/reduced,completed,53,66,73,230
,,,,,,,,
male,group B,some college,free/reduced,none,55,55,47,231
,,,,,,,,
male,group B,some college,standard,completed,87,84,86,232
,,,,,,,,
male,group B,some college,standard,completed,69,77,77,233
,,,,,,,,
female,group B,high school,standard,none,62,62,63,234
,,,,,,,,
female,group B,high school,standard,none,74,72,72,235
,,,,,,,,
male,group B,high school,standard,completed,76,62,60,236
,,,,,,,,
male,group B,high school,standard,none,52,48,49,237
,,,,,,,,
female,group B,some high school,free/reduced,completed,52,67,72,238
,,,,,,,,
male,group B,some college,standard,none,66,65,60,239
,,,,,,,,
female,group B,some high school,free/reduced,none,49,58,55,240
,,,,,,,,
female,group B,high school,standard,none,66,72,70,241
,,,,,,,,
female,group B,master's degree,standard,none,77,90,84,242
,,,,,,,,
female,group B,high school,free/reduced,completed,76,85,82,243
,,,,,,,,
female,group B,some high school,standard,completed,32,51,44,244
,,,,,,,,
female,group B,some college,standard,none,19,38,32,245
,,,,,,,,
female,group B,high school,standard,none,48,62,60,246
,,,,,,,,
female,group B,high school,standard,none,42,52,51,247
,,,,,,,,
female,group B,some college,standard,none,82,85,87,248
,,,,,,,,
male,group B,bachelor's degree,standard,none,59,54,51,249
,,,,,,,,
male,group B,some high school,standard,completed,94,86,87,250
,,,,,,,,
female,group B,high school,free/reduced,none,60,72,68,251
,,,,,,,,
female,group B,high school,free/reduced,none,71,87,82,252
,,,,,,,,
male,group B,some high school,standard,none,68,54,53,253
,,,,,,,,
female,group B,high school,standard,completed,77,82,89,254
,,,,,,,,
male,group B,some college,standard,none,58,50,45,255
,,,,,,,,
male,group B,associate's degree,free/reduced,completed,58,57,53,256
,,,,,,,,
female,group B,high school,free/reduced,completed,23,44,36,257
,,,,,,,,
male,group B,some college,free/reduced,completed,74,77,76,258
,,,,,,,,
female,group B,bachelor's degree,standard,none,97,97,96,259
,,,,,,,,
male,group B,some college,free/reduced,none,75,68,65,260
,,,,,,,,
male,group B,high school,standard,completed,52,49,46,261
,,,,,,,,
male,group B,associate's degree,standard,none,61,42,41,262
,,,,,,,,
male,group B,high school,standard,none,59,58,47,263
,,,,,,,,
male,group B,associate's degree,standard,completed,82,84,78,264
,,,,,,,,
female,group B,high school,free/reduced,none,64,73,71,265
,,,,,,,,
male,group B,high school,free/reduced,none,36,29,27,266
,,,,,,,,
female,group B,some high school,free/reduced,completed,63,78,79,267
,,,,,,,,
male,group B,high school,standard,none,57,48,51,268
,,,,,,,,
female,group B,associate's degree,free/reduced,none,46,61,55,269
,,,,,,,,
male,group B,some college,standard,completed,91,96,91,270
,,,,,,,,
female,group B,associate's degree,free/reduced,none,54,65,65,271
,,,,,,,,
female,group B,high school,standard,none,58,68,61,272
,,,,,,,,
male,group B,high school,standard,none,82,82,80,273
,,,,,,,,
male,group B,some high school,free/reduced,completed,49,50,52,274
,,,,,,,,
female,group B,bachelor's degree,standard,none,75,84,80,275
,,,,,,,,
male,group B,some college,free/reduced,completed,60,62,60,276
,,,,,,,,
female,group B,high school,free/reduced,none,8,24,23,277
,,,,,,,,
male,group B,some high school,standard,completed,79,85,86,278
,,,,,,,,
female,group B,some high school,standard,completed,65,82,78,279
,,,,,,,,
female,group C,some college,standard,completed,69,90,88,280
,,,,,,,,
male,group C,some college,standard,none,76,78,75,281
,,,,,,,,
male,group C,associate's degree,standard,none,58,54,52,282
,,,,,,,,
female,group C,some high school,standard,none,69,75,78,283
,,,,,,,,
male,group C,high school,standard,none,88,89,86,284
,,,,,,,,
male,group C,master's degree,free/reduced,completed,46,42,46,285
,,,,,,,,
female,group C,associate's degree,free/reduced,none,54,58,61,286
,,,,,,,,
female,group C,some high school,standard,none,69,73,73,287
,,,,,,,,
female,group C,bachelor's degree,standard,none,67,69,75,288
,,,,,,,,
male,group C,high school,standard,none,70,70,65,289
,,,,,,,,
male,group C,associate's degree,free/reduced,none,55,61,54,290
,,,,,,,,
female,group C,associate's degree,standard,none,58,73,68,291
,,,,,,,,
female,group C,high school,standard,none,66,71,76,292
,,,,,,,,
male,group C,high school,standard,completed,82,84,82,293
,,,,,,,,
male,group C,some college,standard,none,53,44,42,294
,,,,,,,,
female,group C,some high school,free/reduced,completed,71,84,87,295
,,,,,,,,
female,group C,high school,free/reduced,none,33,41,43,296
,,,,,,,,
female,group C,some high school,free/reduced,none,0,17,10,297
,,,,,,,,
female,group C,associate's degree,standard,none,69,80,71,298
,,,,,,,,
female,group C,some college,standard,none,60,72,74,299
,,,,,,,,
female,group C,associate's degree,standard,none,39,64,57,300
,,,,,,,,
male,group C,some high school,free/reduced,none,61,57,56,301
,,,,,,,,
male,group C,some high school,standard,none,49,49,41,302
,,,,,,,,
female,group C,some college,standard,none,73,80,82,303
,,,,,,,,
female,group C,some college,free/reduced,none,76,83,88,304
,,,,,,,,
female,group C,bachelor's degree,standard,none,65,72,74,305
,,,,,,,,
male,group C,high school,free/reduced,none,27,34,36,306
,,,,,,,,
male,group C,high school,standard,none,71,79,71,307
,,,,,,,,
male,group C,associate's degree,free/reduced,completed,43,45,50,308
,,,,,,,,
male,group C,associate's degree,free/reduced,completed,78,81,82,309
,,,,,,,,
male,group C,some college,standard,completed,98,86,90,310
,,,,,,,,
female,group C,some college,standard,none,58,67,72,311
,,,,,,,,
male,group C,high school,standard,none,62,55,49,312
,,,,,,,,
male,group C,high school,standard,none,84,77,74,313
,,,,,,,,
female,group C,some college,standard,none,55,69,65,314
,,,,,,,,
female,group C,bachelor's degree,standard,completed,79,92,89,315
,,,,,,,,
female,group C,some college,standard,completed,88,93,93,316
,,,,,,,,
male,group C,some high school,free/reduced,completed,53,37,40,317
,,,,,,,,
female,group C,some college,standard,completed,75,81,84,318
,,,,,,,,
male,group C,bachelor's degree,standard,none,58,55,48,319
,,,,,,,,
female,group C,associate's degree,standard,none,59,66,67,320
,,,,,,,,
female,group C,some college,free/reduced,none,59,62,64,321
,,,,,,,,
female,group C,some college,free/reduced,none,22,39,33,322
,,,,,,,,
male,group C,associate's degree,free/reduced,none,73,68,66,323
,,,,,,,,
female,group C,some college,standard,completed,70,89,88,324
,,,,,,,,
male,group C,high school,standard,none,52,53,49,325
,,,,,,,,
female,group C,bachelor's degree,standard,completed,96,100,100,326
,,,,,,,,
male,group C,high school,free/reduced,completed,53,51,51,327
,,,,,,,,
female,group C,some college,free/reduced,completed,67,75,70,328
,,,,,,,,
female,group C,associate's degree,standard,none,63,67,70,329
,,,,,,,,
female,group C,bachelor's degree,free/reduced,completed,43,51,54,330
,,,,,,,,
female,group C,master's degree,standard,completed,81,91,87,331
,,,,,,,,
female,group C,associate's degree,standard,completed,71,77,77,332
,,,,,,,,
male,group C,master's degree,free/reduced,completed,62,68,75,333
,,,,,,,,
female,group C,some college,free/reduced,none,46,64,66,334
,,,,,,,,
male,group C,some high school,free/reduced,completed,45,52,49,335
,,,,,,,,
male,group C,associate's degree,free/reduced,completed,65,67,65,336
,,,,,,,,
female,group C,bachelor's degree,standard,none,77,88,87,337
,,,,,,,,
female,group C,master's degree,standard,completed,69,84,85,338
,,,,,,,,
male,group C,some high school,free/reduced,completed,59,69,65,339
,,,,,,,,
female,group C,associate's degree,standard,completed,67,84,86,340
,,,,,,,,
male,group C,associate's degree,standard,none,69,77,69,341
,,,,,,,,
male,group C,some college,standard,none,59,41,42,342
,,,,,,,,
male,group C,some college,free/reduced,none,35,28,27,343
,,,,,,,,
female,group C,high school,free/reduced,none,42,62,60,344
,,,,,,,,
male,group C,associate's degree,free/reduced,completed,60,51,56,345
,,,,,,,,
female,group C,high school,free/reduced,none,34,42,39,346
,,,,,,,,
female,group C,some high school,free/reduced,none,55,65,62,347
,,,,,,,,
female,group C,some college,standard,none,72,72,71,348
,,,,,,,,
female,group C,some college,standard,completed,88,95,94,349
,,,,,,,,
male,group C,associate's degree,standard,none,46,43,42,350
,,,,,,,,
male,group C,bachelor's degree,standard,completed,83,82,84,351
,,,,,,,,
male,group C,associate's degree,standard,none,84,80,80,352
,,,,,,,,
male,group C,associate's degree,standard,none,85,76,71,353
,,,,,,,,
male,group C,high school,standard,none,68,60,53,354
,,,,,,,,
female,group C,associate's degree,free/reduced,none,64,73,68,355
,,,,,,,,
male,group C,associate's degree,standard,completed,78,77,77,356
,,,,,,,,
female,group C,master's degree,free/reduced,completed,65,81,81,357
,,,,,,,,
female,group C,some high school,free/reduced,completed,64,79,77,358
,,,,,,,,
male,group C,some college,standard,completed,79,79,78,359
,,,,,,,,
female,group C,some high school,free/reduced,none,44,50,51,360
,,,,,,,,
female,group C,bachelor's degree,standard,none,63,75,81,361
,,,,,,,,
male,group C,bachelor's degree,standard,none,69,63,61,362
,,,,,,,,
male,group C,some college,standard,none,58,49,42,363
,,,,,,,,
male,group C,bachelor's degree,standard,none,83,78,73,364
,,,,,,,,
female,group C,some high school,standard,completed,85,92,93,365
,,,,,,,,
female,group C,some high school,free/reduced,none,65,86,80,366
,,,,,,,,
male,group C,associate's degree,standard,none,76,70,68,367
,,,,,,,,
male,group C,some high school,standard,completed,63,60,57,368
,,,,,,,,
male,group C,high school,free/reduced,completed,40,46,50,369
,,,,,,,,
female,group C,associate's degree,standard,completed,67,84,81,370
,,,,,,,,
female,group C,associate's degree,standard,completed,74,75,83,371
,,,,,,,,
male,group C,some high school,standard,none,51,52,44,372
,,,,,,,,
female,group C,associate's degree,free/reduced,completed,68,67,69,373
,,,,,,,,
female,group C,bachelor's degree,standard,completed,59,64,75,374
,,,,,,,,
male,group C,high school,standard,none,71,66,65,375
,,,,,,,,
male,group C,associate's degree,standard,none,83,72,78,376
,,,,,,,,
female,group C,high school,free/reduced,completed,67,79,84,377
,,,,,,,,
female,group C,some college,standard,none,71,81,80,378
,,,,,,,,
female,group C,some high school,free/reduced,none,43,53,53,379
,,,,,,,,
female,group C,high school,free/reduced,none,41,46,43,380
,,,,,,,,
female,group C,some college,standard,none,82,90,94,381
,,,,,,,,
male,group C,some college,standard,none,61,61,62,382
,,,,,,,,
male,group C,associate's degree,standard,completed,82,75,77,383
,,,,,,,,
male,group C,high school,standard,none,71,60,61,384
,,,,,,,,
male,group C,associate's degree,standard,none,47,37,35,385
,,,,,,,,
female,group C,bachelor's degree,standard,none,83,93,95,386
,,,,,,,,
male,group C,associate's degree,standard,none,49,51,43,387
,,,,,,,,
male,group C,high school,free/reduced,none,58,61,52,388
,,,,,,,,
female,group C,high school,standard,none,61,73,63,389
,,,,,,,,
female,group C,high school,standard,none,72,80,75,390
,,,,,,,,
female,group C,bachelor's degree,standard,completed,77,94,95,391
,,,,,,,,
female,group C,some college,standard,completed,63,78,80,392
,,,,,,,,
female,group C,associate's degree,standard,none,46,58,57,393
,,,,,,,,
female,group C,some college,standard,none,59,71,70,394
,,,,,,,,
female,group C,some college,free/reduced,completed,42,66,69,395
,,,,,,,,
female,group C,some college,standard,none,52,58,58,396
,,,,,,,,
male,group C,some college,standard,none,59,60,58,397
,,,,,,,,
male,group C,high school,standard,completed,69,58,53,398
,,,,,,,,
male,group C,bachelor's degree,free/reduced,none,61,66,61,399
,,,,,,,,
female,group C,some college,free/reduced,completed,45,73,70,400
,,,,,,,,
male,group C,associate's degree,standard,completed,87,100,95,401
,,,,,,,,
male,group C,master's degree,free/reduced,none,79,81,71,402
,,,,,,,,
female,group C,associate's degree,free/reduced,none,57,78,67,403
,,,,,,,,
male,group C,associate's degree,standard,completed,57,54,56,404
,,,,,,,,
female,group C,some high school,standard,completed,65,74,77,405
,,,,,,,,
female,group C,associate's degree,standard,none,85,89,95,406
,,,,,,,,
female,group C,some high school,standard,completed,59,54,67,407
,,,,,,,,
female,group C,high school,standard,none,54,59,62,408
,,,,,,,,
female,group C,some high school,standard,none,63,73,68,409
,,,,,,,,
female,group C,bachelor's degree,free/reduced,completed,51,72,79,410
,,,,,,,,
male,group C,bachelor's degree,standard,completed,71,74,68,411
,,,,,,,,
male,group C,associate's degree,standard,none,74,73,67,412
,,,,,,,,
female,group C,associate's degree,free/reduced,completed,82,93,93,413
,,,,,,,,
female,group C,some college,free/reduced,none,62,67,62,414
,,,,,,,,
male,group C,bachelor's degree,standard,none,86,83,86,415
,,,,,,,,
male,group C,some high school,free/reduced,none,69,71,65,416
,,,,,,,,
male,group C,some high school,free/reduced,none,68,63,54,417
,,,,,,,,
male,group C,associate's degree,free/reduced,none,64,66,59,418
,,,,,,,,
female,group C,high school,standard,none,61,72,70,419
,,,,,,,,
male,group C,high school,standard,none,61,56,55,420
,,,,,,,,
male,group C,some high school,standard,none,73,66,66,421
,,,,,,,,
male,group C,some college,free/reduced,completed,50,48,53,422
,,,,,,,,
male,group C,high school,standard,none,70,56,51,423
,,,,,,,,
female,group C,some college,standard,completed,67,81,79,424
,,,,,,,,
female,group C,some high school,standard,completed,67,74,77,425
,,,,,,,,
male,group C,high school,standard,completed,86,81,80,426
,,,,,,,,
female,group C,some college,free/reduced,completed,64,85,85,427
,,,,,,,,
female,group C,associate's degree,free/reduced,none,65,77,74,428
,,,,,,,,
male,group C,some college,free/reduced,none,65,58,49,429
,,,,,,,,
female,group C,associate's degree,free/reduced,none,53,61,62,430
,,,,,,,,
male,group C,bachelor's degree,free/reduced,none,37,56,47,431
,,,,,,,,
male,group C,bachelor's degree,free/reduced,none,53,58,55,432
,,,,,,,,
female,group C,some college,free/reduced,none,77,90,91,433
,,,,,,,,
female,group C,some college,standard,none,84,87,91,434
,,,,,,,,
male,group C,some college,standard,none,91,74,76,435
,,,,,,,,
female,group C,associate's degree,standard,completed,83,85,90,436
,,,,,,,,
female,group C,high school,standard,none,63,69,74,437
,,,,,,,,
female,group C,associate's degree,standard,completed,68,86,84,438
,,,,,,,,
male,group C,some college,free/reduced,none,68,68,61,439
,,,,,,,,
male,group C,high school,standard,none,70,74,71,440
,,,,,,,,
female,group C,associate's degree,free/reduced,none,60,75,74,441
,,,,,,,,
female,group C,associate's degree,standard,none,64,64,70,442
,,,,,,,,
female,group C,some college,standard,none,83,83,90,443
,,,,,,,,
female,group C,bachelor's degree,standard,none,81,88,90,444
,,,,,,,,
female,group C,some college,standard,none,54,48,52,445
,,,,,,,,
male,group C,some college,free/reduced,none,63,61,54,446
,,,,,,,,
male,group C,master's degree,standard,none,79,78,77,447
,,,,,,,,
female,group C,bachelor's degree,standard,none,86,92,87,448
,,,,,,,,
female,group C,some high school,standard,completed,76,87,85,449
,,,,,,,,
female,group C,associate's degree,standard,none,91,86,84,450
,,,,,,,,
male,group C,master's degree,free/reduced,none,54,59,50,451
,,,,,,,,
male,group C,high school,standard,completed,53,52,49,452
,,,,,,,,
male,group C,some high school,free/reduced,completed,56,61,60,453
,,,,,,,,
female,group C,high school,free/reduced,none,36,53,43,454
,,,,,,,,
female,group C,associate's degree,standard,none,62,74,70,455
,,,,,,,,
female,group C,associate's degree,standard,completed,68,67,73,456
,,,,,,,,
female,group C,some high school,standard,none,47,54,53,457
,,,,,,,,
female,group C,bachelor's degree,free/reduced,completed,66,83,83,458
,,,,,,,,
male,group C,associate's degree,standard,completed,51,60,58,459
,,,,,,,,
male,group C,high school,standard,completed,75,69,68,460
,,,,,,,,
female,group C,associate's degree,standard,none,81,77,79,461
,,,,,,,,
male,group C,high school,standard,completed,72,67,64,462
,,,,,,,,
female,group C,high school,free/reduced,none,62,67,64,463
,,,,,,,,
male,group C,master's degree,standard,none,79,72,69,464
,,,,,,,,
male,group C,some high school,free/reduced,none,79,76,65,465
,,,,,,,,
female,group C,some college,free/reduced,none,32,39,33,466
,,,,,,,,
female,group C,associate's degree,standard,completed,55,72,79,467
,,,,,,,,
male,group C,master's degree,free/reduced,none,61,67,66,468
,,,,,,,,
female,group C,some college,standard,none,63,74,74,469
,,,,,,,,
male,group C,bachelor's degree,standard,completed,96,90,92,470
,,,,,,,,
female,group C,some college,standard,none,53,62,56,471
,,,,,,,,
female,group C,high school,free/reduced,completed,50,66,64,472
,,,,,,,,
female,group C,associate's degree,standard,none,65,76,76,473
,,,,,,,,
female,group C,bachelor's degree,free/reduced,none,44,63,62,474
,,,,,,,,
female,group C,some college,standard,none,54,64,65,475
,,,,,,,,
male,group C,some college,free/reduced,none,58,57,54,476
,,,,,,,,
female,group C,bachelor's degree,standard,completed,92,100,99,477
,,,,,,,,
female,group C,bachelor's degree,standard,completed,56,79,72,478
,,,,,,,,
female,group C,high school,standard,none,29,29,30,479
,,,,,,,,
male,group C,some high school,standard,none,75,72,62,480
,,,,,,,,
female,group C,associate's degree,standard,none,85,84,82,481
,,,,,,,,
female,group C,master's degree,free/reduced,none,40,58,54,482
,,,,,,,,
female,group C,some college,standard,none,58,59,66,483
,,,,,,,,
male,group C,bachelor's degree,standard,completed,94,90,91,484
,,,,,,,,
female,group C,associate's degree,standard,none,65,77,74,485
,,,,,,,,
female,group C,high school,standard,none,60,68,72,486
,,,,,,,,
male,group C,associate's degree,free/reduced,completed,65,73,68,487
,,,,,,,,
female,group C,high school,free/reduced,none,35,61,54,488
,,,,,,,,
male,group C,high school,free/reduced,completed,58,51,52,489
,,,,,,,,
female,group C,some high school,standard,completed,44,51,55,490
,,,,,,,,
female,group C,high school,standard,none,75,88,85,491
,,,,,,,,
male,group C,some high school,free/reduced,completed,51,56,53,492
,,,,,,,,
male,group C,associate's degree,free/reduced,none,77,67,64,493
,,,,,,,,
male,group C,some college,free/reduced,none,74,77,73,494
,,,,,,,,
male,group C,some high school,standard,none,73,66,63,495
,,,,,,,,
female,group C,high school,standard,none,65,69,67,496
,,,,,,,,
female,group C,some high school,free/reduced,completed,50,60,60,497
,,,,,,,,
female,group C,some college,free/reduced,completed,63,73,71,498
,,,,,,,,
male,group C,some college,standard,none,73,74,61,499
,,,,,,,,
female,group C,high school,free/reduced,none,66,76,68,500
,,,,,,,,
female,group C,some college,standard,none,69,78,76,501
,,,,,,,,
female,group C,associate's degree,standard,completed,65,84,84,502
,,,,,,,,
female,group C,some high school,standard,completed,70,82,76,503
,,,,,,,,
female,group C,some high school,free/reduced,completed,29,40,44,504
,,,,,,,,
female,group C,associate's degree,standard,none,49,53,53,505
,,,,,,,,
female,group C,bachelor's degree,free/reduced,completed,66,74,81,506
,,,,,,,,
female,group C,some high school,standard,none,49,63,56,507
,,,,,,,,
female,group C,associate's degree,standard,completed,75,82,90,508
,,,,,,,,
male,group C,high school,free/reduced,none,66,66,59,509
,,,,,,,,
male,group C,some college,standard,none,66,59,52,510
,,,,,,,,
male,group C,some college,standard,completed,93,84,90,511
,,,,,,,,
male,group C,associate's degree,standard,completed,73,78,72,512
,,,,,,,,
female,group C,associate's degree,standard,completed,96,96,99,513
,,,,,,,,
female,group C,high school,standard,none,76,76,74,514
,,,,,,,,
female,group C,some college,free/reduced,none,62,72,70,515
,,,,,,,,
male,group C,high school,standard,none,50,48,42,516
,,,,,,,,
male,group C,some college,standard,none,53,39,37,517
,,,,,,,,
female,group C,some college,standard,completed,87,89,94,518
,,,,,,,,
male,group C,master's degree,standard,none,67,57,59,519
,,,,,,,,
male,group C,associate's degree,standard,none,92,79,84,520
,,,,,,,,
male,group C,high school,free/reduced,none,61,60,55,521
,,,,,,,,
female,group C,high school,standard,none,81,84,82,522
,,,,,,,,
female,group C,associate's degree,standard,completed,59,73,72,523
,,,,,,,,
male,group C,some college,standard,none,69,64,68,524
,,,,,,,,
female,group C,bachelor's degree,free/reduced,none,50,60,59,525
,,,,,,,,
male,group C,master's degree,free/reduced,completed,79,77,75,526
,,,,,,,,
female,group C,some high school,standard,completed,77,90,85,527
,,,,,,,,
male,group C,associate's degree,free/reduced,none,58,55,53,528
,,,,,,,,
female,group C,high school,free/reduced,none,53,72,64,529
,,,,,,,,
female,group C,high school,standard,completed,58,75,77,530
,,,,,,,,
female,group C,bachelor's degree,free/reduced,none,62,78,79,531
,,,,,,,,
female,group C,some college,free/reduced,none,35,44,43,532
,,,,,,,,
female,group C,associate's degree,standard,completed,52,59,62,533
,,,,,,,,
male,group C,bachelor's degree,standard,completed,91,81,79,534
,,,,,,,,
male,group C,associate's degree,free/reduced,none,68,65,61,535
,,,,,,,,
female,group C,master's degree,free/reduced,none,52,65,61,536
,,,,,,,,
female,group C,associate's degree,standard,none,52,55,57,537
,,,,,,,,
male,group C,some high school,standard,completed,67,73,68,538
,,,,,,,,
male,group C,some high school,standard,completed,76,80,73,539
,,,,,,,,
female,group C,some college,standard,none,73,76,78,540
,,,,,,,,
male,group C,high school,standard,none,90,75,69,541
,,,,,,,,
female,group C,master's degree,standard,completed,54,64,67,542
,,,,,,,,
female,group C,high school,standard,none,72,80,83,543
,,,,,,,,
female,group C,some high school,standard,none,77,91,88,544
,,,,,,,,
female,group C,some high school,free/reduced,none,48,58,52,545
,,,,,,,,
male,group C,high school,standard,none,62,67,58,546
,,,,,,,,
female,group C,associate's degree,free/reduced,completed,56,68,70,547
,,,,,,,,
female,group C,some high school,standard,none,65,69,76,548
,,,,,,,,
female,group C,bachelor's degree,free/reduced,completed,74,86,89,549
,,,,,,,,
female,group C,high school,standard,completed,60,64,74,550
,,,,,,,,
female,group C,associate's degree,standard,none,66,77,73,551
,,,,,,,,
male,group C,some high school,standard,none,64,58,51,552
,,,,,,,,
male,group C,master's degree,standard,completed,91,85,85,553
,,,,,,,,
female,group C,high school,standard,none,59,72,68,554
,,,,,,,,
male,group C,master's degree,standard,none,71,67,67,555
,,,,,,,,
male,group C,some high school,standard,none,62,64,55,556
,,,,,,,,
female,group C,bachelor's degree,standard,none,65,79,81,557
,,,,,,,,
male,group C,associate's degree,free/reduced,none,87,73,72,558
,,,,,,,,
female,group C,associate's degree,standard,none,53,62,53,559
,,,,,,,,
female,group C,some college,standard,completed,71,71,80,560
,,,,,,,,
male,group C,associate's degree,standard,none,97,93,91,561
,,,,,,,,
male,group C,high school,free/reduced,none,59,53,52,562
,,,,,,,,
male,group C,associate's degree,free/reduced,none,49,51,51,563
,,,,,,,,
female,group C,some college,standard,completed,70,72,76,564
,,,,,,,,
female,group C,bachelor's degree,free/reduced,none,43,62,61,565
,,,,,,,,
male,group C,some college,free/reduced,none,80,64,66,566
,,,,,,,,
male,group C,some high school,standard,none,57,61,54,567
,,,,,,,,
male,group C,bachelor's degree,standard,completed,63,64,66,568
,,,,,,,,
female,group C,associate's degree,standard,completed,62,76,80,569
,,,,,,,,
male,group C,high school,free/reduced,none,54,72,59,570
,,,,,,,,
female,group C,master's degree,standard,none,73,78,74,571
,,,,,,,,
female,group C,bachelor's degree,free/reduced,none,67,75,72,572
,,,,,,,,
female,group C,bachelor's degree,standard,completed,52,61,66,573
,,,,,,,,
female,group C,bachelor's degree,free/reduced,completed,47,62,66,574
,,,,,,,,
female,group C,high school,standard,none,44,61,52,575
,,,,,,,,
female,group C,associate's degree,standard,completed,57,77,80,576
,,,,,,,,
female,group C,high school,free/reduced,none,35,53,46,577
,,,,,,,,
female,group C,some high school,free/reduced,none,48,56,51,578
,,,,,,,,
male,group C,some college,free/reduced,completed,67,74,70,579
,,,,,,,,
male,group C,bachelor's degree,free/reduced,completed,70,75,74,580
,,,,,,,,
male,group C,associate's degree,standard,completed,98,87,90,581
,,,,,,,,
male,group C,master's degree,free/reduced,completed,72,66,72,582
,,,,,,,,
male,group C,high school,standard,none,81,66,64,583
,,,,,,,,
female,group C,associate's degree,standard,none,54,61,58,584
,,,,,,,,
male,group C,high school,standard,completed,58,52,54,585
,,,,,,,,
female,group C,some college,standard,none,62,69,69,586
,,,,,,,,
male,group C,some college,standard,none,84,87,81,587
,,,,,,,,
male,group C,high school,standard,none,75,81,71,588
,,,,,,,,
female,group C,some high school,free/reduced,completed,65,76,75,589
,,,,,,,,
male,group C,some college,standard,none,63,63,60,590
,,,,,,,,
male,group C,some high school,standard,completed,78,72,69,591
,,,,,,,,
female,group C,some college,standard,completed,64,82,77,592
,,,,,,,,
male,group C,associate's degree,standard,none,62,65,58,593
,,,,,,,,
female,group C,associate's degree,standard,none,91,95,94,594
,,,,,,,,
female,group C,some high school,standard,none,74,75,82,595
,,,,,,,,
female,group C,associate's degree,standard,none,40,59,51,596
,,,,,,,,
male,group C,high school,free/reduced,none,62,55,55,597
,,,,,,,,
female,group C,high school,free/reduced,completed,59,71,65,598
,,,,,,,,
male,group D,high school,free/reduced,completed,64,64,67,599
,,,,,,,,
male,group D,associate's degree,standard,none,40,52,43,600
,,,,,,,,
male,group D,high school,standard,none,66,69,63,601
,,,,,,,,
male,group D,some college,standard,none,44,54,53,602
,,,,,,,,
male,group D,bachelor's degree,free/reduced,completed,74,71,80,603
,,,,,,,,
female,group D,master's degree,standard,none,62,70,75,604
,,,,,,,,
female,group D,some college,standard,none,69,74,74,605
,,,,,,,,
male,group D,some college,standard,none,40,42,38,606
,,,,,,,,
female,group D,associate's degree,standard,none,74,81,83,607
,,,,,,,,
female,group D,some high school,free/reduced,none,50,64,59,608
,,,,,,,,
female,group D,associate's degree,free/reduced,completed,75,90,88,609
,,,,,,,,
female,group D,associate's degree,free/reduced,completed,57,74,76,610
,,,,,,,,
male,group D,high school,standard,none,88,78,75,611
,,,,,,,,
male,group D,associate's degree,standard,none,52,55,49,612
,,,,,,,,
male,group D,some college,standard,completed,58,59,58,613
,,,,,,,,
female,group D,some high school,standard,none,59,58,59,614
,,,,,,,,
male,group D,some high school,free/reduced,none,45,37,37,615
,,,,,,,,
female,group D,some college,free/reduced,completed,58,63,73,616
,,,,,,,,
male,group D,some college,standard,completed,63,55,63,617
,,,,,,,,
female,group D,some high school,standard,completed,61,74,72,618
,,,,,,,,
male,group D,high school,free/reduced,none,42,39,34,619
,,,,,,,,
female,group D,associate's degree,standard,none,71,71,74,620
,,,,,,,,
female,group D,some high school,standard,none,73,86,82,621
,,,,,,,,
female,group D,some college,free/reduced,none,58,67,62,622
,,,,,,,,
female,group D,bachelor's degree,standard,none,65,67,62,623
,,,,,,,,
male,group D,bachelor's degree,standard,completed,68,74,74,624
,,,,,,,,
female,group D,associate's degree,standard,none,85,91,89,625
,,,,,,,,
female,group D,master's degree,standard,none,87,100,100,626
,,,,,,,,
female,group D,associate's degree,free/reduced,completed,77,89,98,627
,,,,,,,,
female,group D,some college,standard,none,51,58,54,628
,,,,,,,,
female,group D,bachelor's degree,standard,none,78,82,79,629
,,,,,,,,
female,group D,some high school,standard,none,51,63,61,630
,,,,,,,,
male,group D,high school,free/reduced,none,63,57,56,631
,,,,,,,,
male,group D,some college,standard,completed,65,77,74,632
,,,,,,,,
male,group D,master's degree,standard,none,82,82,74,633
,,,,,,,,
male,group D,master's degree,standard,none,89,84,82,634
,,,,,,,,
male,group D,bachelor's degree,free/reduced,completed,74,79,75,635
,,,,,,,,
male,group D,some college,standard,completed,71,61,69,636
,,,,,,,,
female,group D,some high school,standard,none,76,72,71,637
,,,,,,,,
male,group D,some college,standard,none,88,73,78,638
,,,,,,,,
female,group D,bachelor's degree,standard,completed,68,75,81,639
,,,,,,,,
male,group D,bachelor's degree,standard,none,54,49,47,640
,,,,,,,,
male,group D,some high school,standard,none,62,67,61,641
,,,,,,,,
male,group D,associate's degree,free/reduced,none,66,62,64,642
,,,,,,,,
female,group D,some college,standard,none,79,86,81,643
,,,,,,,,
female,group D,some high school,standard,completed,97,100,100,644
,,,,,,,,
female,group D,associate's degree,standard,none,65,69,70,645
,,,,,,,,
male,group D,some high school,standard,completed,62,66,68,646
,,,,,,,,
male,group D,some college,standard,completed,76,83,79,647
,,,,,,,,
male,group D,some college,standard,completed,77,62,62,648
,,,,,,,,
male,group D,associate's degree,standard,none,61,55,52,649
,,,,,,,,
female,group D,some college,free/reduced,none,65,81,77,650
,,,,,,,,
male,group D,some high school,standard,completed,74,71,78,651
,,,,,,,,
male,group D,some high school,free/reduced,completed,80,79,79,652
,,,,,,,,
female,group D,high school,standard,completed,56,68,74,653
,,,,,,,,
male,group D,some high school,standard,none,86,80,75,654
,,,,,,,,
male,group D,high school,standard,none,57,50,54,655
,,,,,,,,
male,group D,some college,standard,none,76,64,66,656
,,,,,,,,
male,group D,associate's degree,standard,none,80,75,77,657
,,,,,,,,
male,group D,bachelor's degree,free/reduced,none,63,66,67,658
,,,,,,,,
female,group D,some high school,standard,completed,64,60,74,659
,,,,,,,,
male,group D,high school,free/reduced,completed,73,68,66,660
,,,,,,,,
female,group D,high school,standard,none,56,52,55,661
,,,,,,,,
male,group D,some high school,standard,none,75,74,69,662
,,,,,,,,
female,group D,some college,free/reduced,none,71,83,83,663
,,,,,,,,
male,group D,master's degree,standard,none,80,80,72,664
,,,,,,,,
male,group D,high school,standard,none,54,52,52,665
,,,,,,,,
male,group D,high school,standard,none,76,73,68,666
,,,,,,,,
male,group D,some high school,free/reduced,none,59,42,41,667
,,,,,,,,
female,group D,high school,standard,none,69,72,77,668
,,,,,,,,
female,group D,associate's degree,standard,completed,88,92,95,669
,,,,,,,,
female,group D,associate's degree,free/reduced,none,47,53,58,670
,,,,,,,,
female,group D,some college,standard,none,65,70,71,671
,,,,,,,,
male,group D,high school,standard,none,53,52,42,672
,,,,,,,,
male,group D,high school,standard,none,45,48,46,673
,,,,,,,,
female,group D,bachelor's degree,free/reduced,none,73,79,84,674
,,,,,,,,
female,group D,some college,free/reduced,completed,70,78,78,675
,,,,,,,,
male,group D,some high school,standard,none,86,73,70,676
,,,,,,,,
male,group D,high school,free/reduced,completed,78,77,80,677
,,,,,,,,
male,group D,associate's degree,free/reduced,none,90,87,75,678
,,,,,,,,
male,group D,some high school,free/reduced,none,56,54,52,679
,,,,,,,,
female,group D,high school,free/reduced,none,49,57,52,680
,,,,,,,,
male,group D,bachelor's degree,standard,completed,67,61,68,681
,,,,,,,,
female,group D,master's degree,standard,completed,77,82,91,682
,,,,,,,,
female,group D,associate's degree,free/reduced,none,56,65,63,683
,,,,,,,,
male,group D,some high school,standard,completed,76,70,69,684
,,,,,,,,
female,group D,some high school,free/reduced,completed,35,55,60,685
,,,,,,,,
male,group D,associate's degree,standard,completed,67,72,67,686
,,,,,,,,
male,group D,some college,standard,none,79,73,67,687
,,,,,,,,
male,group D,high school,free/reduced,none,75,74,66,688
,,,,,,,,
male,group D,some college,free/reduced,none,59,62,61,689
,,,,,,,,
female,group D,some college,standard,none,80,90,89,690
,,,,,,,,
female,group D,some high school,free/reduced,none,27,34,32,691
,,,,,,,,
female,group D,some high school,standard,none,73,84,85,692
,,,,,,,,
male,group D,some high school,standard,none,74,74,72,693
,,,,,,,,
female,group D,some college,standard,completed,82,97,96,694
,,,,,,,,
female,group D,bachelor's degree,standard,none,59,70,73,695
,,,,,,,,
female,group D,some high school,standard,none,80,90,82,696
,,,,,,,,
female,group D,master's degree,free/reduced,completed,85,95,100,697
,,,,,,,,
female,group D,high school,standard,none,62,64,64,698
,,,,,,,,
male,group D,master's degree,standard,none,73,70,75,699
,,,,,,,,
female,group D,some college,standard,none,77,68,77,700
,,,,,,,,
male,group D,some high school,standard,none,60,59,54,701
,,,,,,,,
female,group D,high school,standard,completed,88,99,100,702
,,,,,,,,
female,group D,high school,free/reduced,completed,52,57,56,703
,,,,,,,,
male,group D,associate's degree,standard,completed,87,84,85,704
,,,,,,,,
female,group D,master's degree,standard,completed,70,71,74,705
,,,,,,,,
male,group D,associate's degree,standard,none,71,66,60,706
,,,,,,,,
male,group D,some college,standard,none,68,59,62,707
,,,,,,,,
female,group D,high school,standard,completed,57,58,64,708
,,,,,,,,
female,group D,master's degree,free/reduced,completed,47,58,67,709
,,,,,,,,
male,group D,associate's degree,standard,none,75,68,64,710
,,,,,,,,
male,group D,associate's degree,free/reduced,none,75,66,73,711
,,,,,,,,
male,group D,some high school,standard,completed,89,88,82,712
,,,,,,,,
female,group D,high school,standard,none,78,81,80,713
,,,,,,,,
male,group D,some college,free/reduced,none,69,66,60,714
,,,,,,,,
female,group D,bachelor's degree,standard,none,79,89,89,715
,,,,,,,,
male,group D,associate's degree,free/reduced,none,53,54,48,716
,,,,,,,,
female,group D,associate's degree,free/reduced,none,26,31,38,717
,,,,,,,,
female,group D,some high school,standard,none,59,67,61,718
,,,,,,,,
female,group D,bachelor's degree,standard,completed,71,76,83,719
,,,,,,,,
male,group D,associate's degree,standard,none,80,68,72,720
,,,,,,,,
female,group D,master's degree,standard,none,55,64,70,721
,,,,,,,,
female,group D,associate's degree,free/reduced,none,52,59,56,722
,,,,,,,,
male,group D,some college,free/reduced,none,61,47,56,723
,,,,,,,,
male,group D,high school,standard,completed,68,64,66,724
,,,,,,,,
female,group D,some college,free/reduced,completed,59,78,76,725
,,,,,,,,
female,group D,master's degree,standard,none,74,79,82,726
,,,,,,,,
female,group D,master's degree,free/reduced,none,40,59,54,727
,,,,,,,,
male,group D,some college,standard,none,76,71,73,728
,,,,,,,,
male,group D,some high school,free/reduced,none,62,49,52,729
,,,,,,,,
female,group D,some college,standard,none,74,89,84,730
,,,,,,,,
female,group D,some high school,standard,completed,66,78,78,731
,,,,,,,,
male,group D,some college,standard,none,71,49,52,732
,,,,,,,,
male,group D,bachelor's degree,standard,none,69,58,57,733
,,,,,,,,
female,group D,bachelor's degree,free/reduced,none,29,41,47,734
,,,,,,,,
female,group D,high school,standard,none,51,66,62,735
,,,,,,,,
male,group D,associate's degree,free/reduced,completed,79,82,80,736
,,,,,,,,
female,group D,associate's degree,standard,none,82,95,89,737
,,,,,,,,
female,group D,master's degree,standard,none,64,63,66,738
,,,,,,,,
male,group D,some college,free/reduced,none,77,62,64,739
,,,,,,,,
male,group D,some high school,standard,none,73,66,62,740
,,,,,,,,
female,group D,some college,standard,completed,74,75,79,741
,,,,,,,,
female,group D,some college,free/reduced,completed,63,80,80,742
,,,,,,,,
female,group D,master's degree,free/reduced,completed,61,71,78,743
,,,,,,,,
male,group D,bachelor's degree,free/reduced,none,68,68,67,744
,,,,,,,,
female,group D,master's degree,standard,none,53,61,68,745
,,,,,,,,
female,group D,some high school,standard,none,81,97,96,746
,,,,,,,,
female,group D,bachelor's degree,free/reduced,none,63,73,78,747
,,,,,,,,
female,group D,associate's degree,standard,completed,73,75,80,748
,,,,,,,,
female,group D,some college,standard,none,69,77,77,749
,,,,,,,,
female,group D,high school,standard,none,69,77,73,750
,,,,,,,,
female,group D,some high school,standard,none,65,82,81,751
,,,,,,,,
female,group D,master's degree,standard,none,54,60,63,752
,,,,,,,,
male,group D,high school,free/reduced,none,60,57,51,753
,,,,,,,,
male,group D,master's degree,free/reduced,completed,84,89,90,754
,,,,,,,,
male,group D,some college,free/reduced,completed,69,60,63,755
,,,,,,,,
male,group D,bachelor's degree,standard,none,88,78,83,756
,,,,,,,,
male,group D,master's degree,standard,none,95,81,84,757
,,,,,,,,
male,group D,some college,standard,completed,100,97,99,758
,,,,,,,,
male,group D,associate's degree,standard,none,61,48,46,759
,,,,,,,,
male,group D,some college,free/reduced,none,49,57,46,760
,,,,,,,,
male,group D,some college,standard,none,67,64,70,761
,,,,,,,,
male,group D,some high school,standard,none,84,84,80,762
,,,,,,,,
female,group D,some high school,standard,completed,80,92,88,763
,,,,,,,,
female,group D,associate's degree,standard,none,76,74,73,764
,,,,,,,,
male,group D,high school,standard,none,41,52,51,765
,,,,,,,,
female,group D,associate's degree,free/reduced,completed,74,88,90,766
,,,,,,,,
female,group D,associate's degree,standard,none,59,70,65,767
,,,,,,,,
female,group D,some college,standard,completed,69,79,81,768
,,,,,,,,
female,group D,some college,standard,completed,85,86,98,769
,,,,,,,,
male,group D,some high school,standard,none,69,66,61,770
,,,,,,,,
female,group D,associate's degree,free/reduced,none,43,60,58,771
,,,,,,,,
male,group D,associate's degree,standard,none,90,87,85,772
,,,,,,,,
female,group D,some college,free/reduced,none,55,71,69,773
,,,,,,,,
male,group D,associate's degree,standard,none,80,63,63,774
,,,,,,,,
male,group D,associate's degree,standard,completed,81,72,77,775
,,,,,,,,
male,group D,associate's degree,free/reduced,none,52,57,50,776
,,,,,,,,
female,group D,high school,standard,completed,69,77,78,777
,,,,,,,,
male,group D,associate's degree,free/reduced,none,81,75,78,778
,,,,,,,,
male,group D,some college,free/reduced,none,63,61,60,779
,,,,,,,,
female,group D,high school,standard,none,67,72,74,780
,,,,,,,,
male,group D,associate's degree,free/reduced,none,77,78,73,781
,,,,,,,,
female,group D,associate's degree,standard,none,77,77,73,782
,,,,,,,,
female,group D,some college,free/reduced,none,79,89,86,783
,,,,,,,,
female,group D,associate's degree,standard,completed,57,78,79,784
,,,,,,,,
female,group D,some college,standard,none,63,64,67,785
,,,,,,,,
male,group D,high school,standard,none,46,34,36,786
,,,,,,,,
male,group D,high school,standard,none,89,87,79,787
,,,,,,,,
female,group D,associate's degree,free/reduced,completed,42,61,58,788
,,,,,,,,
female,group D,some college,standard,none,98,100,99,789
,,,,,,,,
male,group D,master's degree,standard,none,81,81,84,790
,,,,,,,,
male,group D,some high school,free/reduced,completed,55,59,59,791
,,,,,,,,
female,group D,high school,free/reduced,none,73,92,84,792
,,,,,,,,
male,group D,some high school,standard,none,55,47,44,793
,,,,,,,,
male,group D,associate's degree,standard,none,81,71,73,794
,,,,,,,,
male,group D,bachelor's degree,standard,none,80,73,72,795
,,,,,,,,
male,group D,associate's degree,standard,none,72,79,74,796
,,,,,,,,
male,group D,high school,standard,none,69,75,71,797
,,,,,,,,
male,group D,some high school,standard,completed,71,69,68,798
,,,,,,,,
male,group D,some college,standard,none,55,58,52,799
,,,,,,,,
female,group D,some college,free/reduced,completed,52,59,65,800
,,,,,,,,
female,group D,some high school,standard,none,48,58,54,801
,,,,,,,,
male,group D,some high school,standard,completed,78,81,86,802
,,,,,,,,
male,group D,some college,standard,none,60,63,59,803
,,,,,,,,
female,group D,some high school,standard,none,68,71,75,804
,,,,,,,,
male,group D,bachelor's degree,standard,none,75,73,74,805
,,,,,,,,
female,group D,associate's degree,free/reduced,none,46,56,57,806
,,,,,,,,
female,group D,some college,free/reduced,none,60,66,70,807
,,,,,,,,
male,group D,high school,free/reduced,none,66,74,69,808
,,,,,,,,
male,group D,high school,standard,none,70,70,70,809
,,,,,,,,
female,group D,some college,free/reduced,none,64,74,75,810
,,,,,,,,
male,group D,bachelor's degree,free/reduced,completed,61,70,76,811
,,,,,,,,
female,group D,bachelor's degree,free/reduced,none,78,90,93,812
,,,,,,,,
female,group D,some high school,free/reduced,completed,69,86,81,813
,,,,,,,,
female,group D,high school,free/reduced,none,39,52,46,814
,,,,,,,,
female,group D,some high school,free/reduced,completed,40,65,64,815
,,,,,,,,
male,group D,high school,standard,none,64,54,50,816
,,,,,,,,
male,group D,associate's degree,standard,none,80,75,69,817
,,,,,,,,
male,group D,bachelor's degree,free/reduced,completed,39,42,38,818
,,,,,,,,
male,group D,some college,standard,completed,82,82,88,819
,,,,,,,,
male,group D,some college,standard,none,81,82,84,820
,,,,,,,,
female,group D,some high school,standard,none,59,72,80,821
,,,,,,,,
female,group D,associate's degree,standard,none,64,76,74,822
,,,,,,,,
male,group D,bachelor's degree,free/reduced,none,55,46,44,823
,,,,,,,,
female,group D,some college,free/reduced,none,69,65,74,824
,,,,,,,,
male,group D,high school,free/reduced,none,44,51,48,825
,,,,,,,,
male,group D,some high school,standard,completed,88,74,75,826
,,,,,,,,
male,group D,associate's degree,standard,completed,67,54,63,827
,,,,,,,,
female,group D,some high school,standard,completed,65,78,82,828
,,,,,,,,
male,group D,master's degree,standard,none,85,84,89,829
,,,,,,,,
female,group D,bachelor's degree,free/reduced,completed,93,100,100,830
,,,,,,,,
female,group D,some high school,free/reduced,none,67,84,84,831
,,,,,,,,
male,group D,some college,standard,none,88,77,77,832
,,,,,,,,
female,group D,some college,standard,completed,79,84,91,833
,,,,,,,,
male,group D,bachelor's degree,free/reduced,none,50,42,48,834
,,,,,,,,
male,group D,high school,free/reduced,none,69,70,67,835
,,,,,,,,
male,group D,high school,standard,none,72,66,66,836
,,,,,,,,
male,group D,high school,free/reduced,none,74,70,69,837
,,,,,,,,
female,group D,high school,free/reduced,completed,65,61,71,838
,,,,,,,,
male,group D,some college,free/reduced,none,62,57,62,839
,,,,,,,,
male,group D,associate's degree,free/reduced,completed,61,71,73,840
,,,,,,,,
male,group D,some college,free/reduced,none,70,63,58,841
,,,,,,,,
male,group D,some college,standard,completed,85,81,85,842
,,,,,,,,
male,group D,some high school,standard,completed,77,68,69,843
,,,,,,,,
female,group D,master's degree,standard,none,78,91,96,844
,,,,,,,,
female,group D,some college,free/reduced,none,49,58,60,845
,,,,,,,,
female,group D,some college,standard,completed,75,77,83,846
,,,,,,,,
female,group D,master's degree,standard,none,92,100,100,847
,,,,,,,,
female,group D,high school,standard,none,45,63,59,848
,,,,,,,,
female,group D,some high school,free/reduced,none,48,54,53,849
,,,,,,,,
male,group D,some college,standard,none,72,57,58,850
,,,,,,,,
female,group D,some college,standard,none,62,70,72,851
,,,,,,,,
female,group D,bachelor's degree,standard,none,89,100,100,852
,,,,,,,,
female,group D,some college,free/reduced,none,49,65,61,853
,,,,,,,,
male,group D,high school,standard,completed,55,41,48,854
,,,,,,,,
male,group D,some high school,standard,none,81,78,78,855
,,,,,,,,
female,group D,some college,free/reduced,completed,67,86,83,856
,,,,,,,,
female,group D,associate's degree,free/reduced,none,55,76,76,857
,,,,,,,,
female,group D,bachelor's degree,free/reduced,none,62,72,74,858
,,,,,,,,
female,group D,some college,standard,completed,68,78,77,859
,,,,,,,,
female,group D,some college,free/reduced,none,77,86,86,860
,,,,,,,,
female,group E,master's degree,free/reduced,none,56,72,65,861
,,,,,,,,
male,group E,some college,standard,none,97,87,82,862
,,,,,,,,
male,group E,associate's degree,standard,completed,81,81,79,863
,,,,,,,,
female,group E,associate's degree,free/reduced,none,50,56,54,864
,,,,,,,,
male,group E,some college,standard,none,53,55,48,865
,,,,,,,,
male,group E,associate's degree,free/reduced,completed,77,69,68,866
,,,,,,,,
female,group E,associate's degree,standard,completed,82,85,86,867
,,,,,,,,
male,group E,bachelor's degree,free/reduced,completed,79,74,72,868
,,,,,,,,
male,group E,some high school,standard,none,30,26,22,869
,,,,,,,,
female,group E,master's degree,standard,none,62,68,68,870
,,,,,,,,
male,group E,associate's degree,standard,none,72,64,63,871
,,,,,,,,
female,group E,some college,standard,completed,63,72,70,872
,,,,,,,,
male,group E,associate's degree,standard,completed,66,63,64,873
,,,,,,,,
female,group E,bachelor's degree,standard,completed,99,100,100,874
,,,,,,,,
male,group E,some college,standard,none,83,80,73,875
,,,,,,,,
male,group E,some college,free/reduced,completed,87,74,70,876
,,,,,,,,
male,group E,high school,standard,none,70,55,56,877
,,,,,,,,
female,group E,some college,free/reduced,completed,42,55,54,878
,,,,,,,,
male,group E,associate's degree,free/reduced,completed,100,100,93,879
,,,,,,,,
female,group E,high school,free/reduced,completed,66,74,78,880
,,,,,,,,
female,group E,some college,free/reduced,completed,75,88,85,881
,,,,,,,,
female,group E,master's degree,standard,none,81,92,91,882
,,,,,,,,
male,group E,some high school,standard,none,94,88,78,883
,,,,,,,,
female,group E,high school,standard,none,50,50,47,884
,,,,,,,,
male,group E,high school,standard,none,80,76,65,885
,,,,,,,,
female,group E,associate's degree,standard,none,66,65,69,886
,,,,,,,,
male,group E,high school,free/reduced,none,55,56,51,887
,,,,,,,,
male,group E,bachelor's degree,standard,none,82,62,62,888
,,,,,,,,
male,group E,high school,standard,completed,81,80,76,889
,,,,,,,,
male,group E,high school,standard,completed,87,91,81,890
,,,,,,,,
female,group E,associate's degree,free/reduced,completed,83,86,88,891
,,,,,,,,
female,group E,master's degree,free/reduced,none,45,56,54,892
,,,,,,,,
male,group E,some high school,standard,none,92,87,78,893
,,,,,,,,
female,group E,bachelor's degree,standard,none,80,83,83,894
,,,,,,,,
male,group E,some college,standard,none,59,51,43,895
,,,,,,,,
male,group E,associate's degree,standard,none,89,76,74,896
,,,,,,,,
female,group E,some college,standard,none,62,73,70,897
,,,,,,,,
female,group E,high school,standard,none,99,93,90,898
,,,,,,,,
female,group E,some college,free/reduced,none,71,76,70,899
,,,,,,,,
female,group E,high school,standard,completed,59,63,75,900
,,,,,,,,
male,group E,associate's degree,standard,completed,97,82,88,901
,,,,,,,,
male,group E,some high school,standard,completed,77,76,77,902
,,,,,,,,
female,group E,bachelor's degree,standard,none,65,73,75,903
,,,,,,,,
male,group E,associate's degree,standard,completed,71,74,68,904
,,,,,,,,
male,group E,some college,standard,completed,99,87,81,905
,,,,,,,,
female,group E,high school,standard,none,75,86,79,906
,,,,,,,,
male,group E,associate's degree,standard,completed,62,56,53,907
,,,,,,,,
male,group E,associate's degree,standard,none,87,74,76,908
,,,,,,,,
male,group E,some college,standard,none,66,57,52,909
,,,,,,,,
male,group E,some college,standard,none,84,77,71,910
,,,,,,,,
male,group E,associate's degree,free/reduced,none,46,43,41,911
,,,,,,,,
female,group E,some high school,free/reduced,none,38,49,45,912
,,,,,,,,
female,group E,some college,standard,none,67,76,75,913
,,,,,,,,
female,group E,bachelor's degree,standard,none,64,73,70,914
,,,,,,,,
male,group E,some high school,free/reduced,completed,73,67,59,915
,,,,,,,,
male,group E,some college,standard,none,76,67,67,916
,,,,,,,,
male,group E,some college,standard,completed,84,83,78,917
,,,,,,,,
male,group E,high school,standard,none,84,73,69,918
,,,,,,,,
male,group E,high school,free/reduced,completed,57,56,54,919
,,,,,,,,
female,group E,some college,standard,none,100,92,97,920
,,,,,,,,
female,group E,bachelor's degree,standard,none,100,100,100,921
,,,,,,,,
female,group E,some college,standard,none,71,70,76,922
,,,,,,,,
male,group E,bachelor's degree,standard,completed,76,62,66,923
,,,,,,,,
male,group E,associate's degree,standard,none,76,71,67,924
,,,,,,,,
male,group E,some college,standard,none,76,71,72,925
,,,,,,,,
female,group E,associate's degree,standard,completed,95,89,92,926
,,,,,,,,
female,group E,some college,standard,completed,66,74,73,927
,,,,,,,,
male,group E,some college,standard,none,68,60,59,928
,,,,,,,,
male,group E,associate's degree,standard,completed,62,61,58,929
,,,,,,,,
female,group E,associate's degree,standard,completed,79,88,94,930
,,,,,,,,
male,group E,bachelor's degree,standard,completed,85,66,71,931
,,,,,,,,
male,group E,some high school,free/reduced,completed,78,83,80,932
,,,,,,,,
male,group E,associate's degree,standard,none,53,45,40,933
,,,,,,,,
female,group E,bachelor's degree,free/reduced,completed,92,100,100,934
,,,,,,,,
female,group E,high school,standard,none,74,81,71,935
,,,,,,,,
female,group E,some high school,standard,none,77,79,80,936
,,,,,,,,
male,group E,bachelor's degree,standard,none,68,68,64,937
,,,,,,,,
female,group E,high school,standard,none,74,76,73,938
,,,,,,,,
female,group E,some college,standard,none,76,78,80,939
,,,,,,,,
female,group E,some college,standard,none,61,64,62,940
,,,,,,,,
female,group E,bachelor's degree,standard,none,37,45,38,941
,,,,,,,,
female,group E,bachelor's degree,free/reduced,none,61,58,62,942
,,,,,,,,
male,group E,some college,standard,none,86,76,74,943
,,,,,,,,
female,group E,high school,standard,completed,74,79,80,944
,,,,,,,,
female,group E,high school,free/reduced,none,64,62,68,945
,,,,,,,,
female,group E,some college,standard,completed,73,78,76,946
,,,,,,,,
female,group E,master's degree,standard,completed,94,99,100,947
,,,,,,,,
male,group E,some college,standard,completed,85,75,68,948
,,,,,,,,
male,group E,some college,free/reduced,none,93,90,83,949
,,,,,,,,
female,group E,associate's degree,free/reduced,none,73,76,78,950
,,,,,,,,
female,group E,bachelor's degree,standard,completed,79,81,82,951
,,,,,,,,
female,group E,some high school,standard,completed,80,85,85,952
,,,,,,,,
male,group E,associate's degree,free/reduced,completed,91,73,80,953
,,,,,,,,
male,group E,some college,standard,completed,81,74,71,954
,,,,,,,,
female,group E,associate's degree,standard,completed,65,75,77,955
,,,,,,,,
male,group E,some high school,standard,completed,68,51,57,956
,,,,,,,,
female,group E,some college,free/reduced,none,53,58,57,957
,,,,,,,,
male,group E,some college,standard,none,68,72,65,958
,,,,,,,,
female,group E,associate's degree,standard,none,84,95,92,959
,,,,,,,,
male,group E,bachelor's degree,free/reduced,completed,70,68,72,960
,,,,,,,,
male,group E,associate's degree,standard,completed,94,85,82,961
,,,,,,,,
female,group E,some high school,free/reduced,none,72,79,77,962
,,,,,,,,
male,group E,some high school,standard,completed,89,84,77,963
,,,,,,,,
female,group E,associate's degree,free/reduced,completed,57,68,73,964
,,,,,,,,
female,group E,associate's degree,free/reduced,none,70,84,81,965
,,,,,,,,
male,group E,some college,standard,none,69,60,54,966
,,,,,,,,
female,group E,associate's degree,standard,none,87,94,95,967
,,,,,,,,
female,group E,high school,free/reduced,none,41,45,40,968
,,,,,,,,
male,group E,some high school,standard,completed,87,84,76,969
,,,,,,,,
male,group E,some college,free/reduced,completed,49,52,51,970
,,,,,,,,
male,group E,high school,standard,none,73,64,57,971
,,,,,,,,
male,group E,master's degree,standard,none,90,85,84,972
,,,,,,,,
female,group E,some college,standard,none,87,85,93,973
,,,,,,,,
male,group E,some high school,standard,none,82,67,61,974
,,,,,,,,
female,group E,master's degree,free/reduced,none,81,86,87,975
,,,,,,,,
male,group E,associate's degree,free/reduced,completed,78,74,72,976
,,,,,,,,
male,group E,associate's degree,free/reduced,none,90,90,82,977
,,,,,,,,
female,group E,bachelor's degree,standard,completed,71,70,70,978
,,,,,,,,
female,group E,associate's degree,standard,none,51,51,54,979
,,,,,,,,
female,group E,associate's degree,standard,completed,93,100,95,980
,,,,,,,,
female,group E,some college,standard,completed,86,85,91,981
,,,,,,,,
female,group E,associate's degree,standard,none,85,92,85,982
,,,,,,,,
female,group E,associate's degree,standard,none,59,62,69,983
,,,,,,,,
female,group E,some high school,free/reduced,none,32,34,38,984
,,,,,,,,
male,group E,bachelor's degree,standard,completed,70,64,70,985
,,,,,,,,
female,group E,some college,standard,none,68,70,66,986
,,,,,,,,
male,group E,bachelor's degree,standard,completed,100,100,100,987
,,,,,,,,
male,group E,some high school,standard,completed,74,64,60,988
,,,,,,,,
male,group E,associate's degree,free/reduced,none,64,56,52,989
,,,,,,,,
male,group E,associate's degree,free/reduced,completed,46,43,44,990
,,,,,,,,
female,group E,high school,free/reduced,none,57,58,57,991
,,,,,,,,
female,group E,high school,free/reduced,completed,57,75,73,992
,,,,,,,,
male,group E,high school,standard,none,94,73,71,993
,,,,,,,,
female,group E,some high school,free/reduced,none,74,74,72,994
,,,,,,,,
male,group E,associate's degree,standard,none,72,57,62,995
,,,,,,,,
female,group E,associate's degree,standard,none,100,100,100,996
,,,,,,,,
female,group E,associate's degree,standard,none,68,76,67,997
,,,,,,,,
male,group E,some high school,standard,completed,81,75,76,998
,,,,,,,,
male,group E,high school,free/reduced,completed,86,81,75,999
,,,,,,,,
female,group E,master's degree,standard,completed,88,99,95,1000
